0.476 0.585 0.500 0.512 0.500 0.427 0.537 0.524 0.463 0.549 0.524 0.439
0.561 0.598 0.579 0.488 0.476 0.329 0.488 0.524 0.427 0.573 0.512 0.390
0.659 0.622 0.589 0.427 0.439 0.305 0.463 0.524 0.439 0.573 0.488 0.378
0.707 0.646 0.599 0.500 0.561 0.232 0.488 0.512 0.378 0.659 0.463 0.390
0.659 0.622 0.610 0.500 0.549 0.293 0.488 0.463 0.439 0.671 0.476 0.463
0.683 0.659 0.620 0.476 0.512 0.329 0.451 0.451 0.476 0.744 0.415 0.390
0.707 0.598 0.630 0.549 0.622 0.415 0.415 0.463 0.451 0.695 0.415 0.305
0.744 0.500 0.646 0.549 0.512 0.390 0.329 0.439 0.476 0.671 0.354 0.354
0.659 0.476 0.655 0.463 0.549 0.427 0.402 0.439 0.524 0.695 0.354 0.378
0.646 0.500 0.632 0.439 0.585 0.439 0.341 0.500 0.500 0.707 0.317 0.378
0.622 0.378 0.642 0.476 0.634 0.463 0.354 0.500 0.463 0.744 0.280 0.415
0.683 0.402 0.659 0.451 0.610 0.512 0.280 0.378 0.415 0.659 0.293 0.402
0.671 0.451 0.656 0.488 0.598 0.573 0.293 0.366 0.366 0.659 0.256 0.402
0.671 0.488 0.695 0.561 0.646 0.537 0.293 0.439 0.268 0.659 0.232 0.366
0.622 0.488 0.720 0.585 0.707 0.634 0.256 0.402 0.256 0.537 0.183 0.317
0.671 0.476 0.732 0.573 0.598 0.671 0.317 0.451 0.232 0.512 0.171 0.329
0.744 0.573 0.726 0.646 0.585 0.720 0.390 0.500 0.268 0.476 0.183 0.280
0.707 0.610 0.740 0.671 0.622 0.744 0.366 0.451 0.366 0.451 0.195 0.268
0.585 0.634 0.737 0.732 0.659 0.732 0.305 0.451 0.366 0.524 0.134 0.220
0.549 0.598 0.752 0.744 0.634 0.732 0.256 0.427 0.305 0.573 0.207 0.232
0.622 0.512 0.774 0.732 0.659 0.720 0.232 0.366 0.415 0.585 0.280 0.195
0.585 0.476 0.783 0.768 0.634 0.707 0.280 0.402 0.378 0.622 0.220 0.207
0.622 0.488 0.782 0.720 0.732 0.707 0.354 0.378 0.317 0.598 0.244 0.183
0.610 0.476 0.790 0.695 0.805 0.780 0.451 0.415 0.305 0.524 0.329 0.171
0.561 0.476 0.802 0.756 0.817 0.793 0.451 0.329 0.256 0.378 0.305 0.171
0.488 0.451 0.822 0.780 0.817 0.756 0.415 0.305 0.305 0.366 0.232 0.171
0.402 0.439 0.842 0.756 0.854 0.756 0.378 0.329 0.378 0.366 0.220 0.220
0.366 0.451 0.867 0.707 0.829 0.646 0.366 0.329 0.463 0.402 0.207 0.220
0.402 0.476 0.879 0.732 0.854 0.549 0.427 0.390 0.500 0.329 0.244 0.256
0.341 0.549 0.887 0.732 0.817 0.622 0.402 0.317 0.549 0.293 0.366 0.317
0.341 0.622 0.892 0.756 0.829 0.695 0.354 0.427 0.598 0.280 0.268 0.280
0.329 0.646 0.902 0.695 0.866 0.659 0.378 0.390 0.671 0.256 0.256 0.415
0.317 0.610 0.903 0.671 0.866 0.671 0.329 0.415 0.683 0.317 0.244 0.390
0.293 0.744 0.891 0.622 0.927 0.707 0.378 0.488 0.768 0.244 0.183 0.366
0.354 0.707 0.900 0.610 0.915 0.695 0.402 0.463 0.744 0.244 0.244 0.280
0.427 0.720 0.902 0.671 0.976 0.720 0.366 0.451 0.622 0.280 0.207 0.268
0.451 0.768 0.915 0.707 0.976 0.671 0.378 0.378 0.695 0.305 0.220 0.256
0.427 0.780 0.927 0.646 0.963 0.768 0.402 0.390 0.598 0.329 0.207 0.341
0.317 0.768 0.927 0.695 0.976 0.744 0.378 0.354 0.671 0.354 0.232 0.317
0.256 0.829 0.951 0.780 1.000 0.683 0.280 0.341 0.732 0.366 0.195 0.280
0.280 0.902 0.976 0.829 1.000 0.805 0.183 0.268 0.634 0.329 0.207 0.220
0.207 0.939 1.000 0.841 1.000 0.805 0.232 0.268 0.732 0.341 0.220 0.220
0.207 0.963 1.000 0.829 1.000 0.780 0.268 0.305 0.646 0.366 0.232 0.268
0.195 0.988 1.000 0.829 1.000 0.756 0.280 0.280 0.585 0.354 0.256 0.232
0.146 0.951 1.000 0.890 1.000 0.683 0.293 0.293 0.537 0.439 0.146 0.244
0.171 0.915 1.000 0.866 1.000 0.744 0.341 0.329 0.500 0.390 0.207 0.268
0.146 0.890 1.000 0.866 1.000 0.829 0.268 0.305 0.598 0.366 0.220 0.305
0.159 0.902 1.000 0.854 1.000 0.866 0.366 0.305 0.573 0.341 0.293 0.293
0.146 0.902 1.000 0.866 1.000 0.902 0.402 0.366 0.488 0.366 0.317 0.268
0.146 0.890 1.000 0.841 1.000 0.902 0.463 0.317 0.427 0.341 0.268 0.280
0.146 0.902 1.000 0.817 1.000 0.829 0.476 0.341 0.415 0.256 0.195 0.232