0.40 0.46 0.51 0.44 0.51 0.55 0.51 0.51 0.49  0.57
0.43 0.44 0.43 0.48 0.48 0.54 0.51 0.52 0.50  0.53
0.40 0.45 0.45 0.55 0.49 0.50 0.54 0.49 0.42  0.47
0.40 0.41 0.40 0.63 0.45 0.51 0.49 0.44 0.47  0.48
0.39 0.45 0.40 0.56 0.51 0.52 0.45 0.43 0.49  0.52
0.41 0.47 0.43 0.57 0.56 0.59 0.42 0.40 0.49  0.46
0.44 0.47 0.47 0.43 0.50 0.62 0.44 0.42 0.48  0.43
0.51 0.44 0.49 0.42 0.55 0.66 0.46 0.45 0.58  0.45
0.56 0.33 0.40 0.40 0.53 0.69 0.50 0.43 0.68  0.48
0.63 0.31 0.45 0.45 0.55 0.69 0.52 0.41 0.70  0.45
0.67 0.32 0.48 0.51 0.55 0.70 0.58 0.39 0.72  0.44
0.68 0.34 0.50 0.55 0.65 0.69 0.57 0.43 0.73  0.50
0.66 0.35 0.45 0.51 0.59 0.74 0.55 0.44 0.75  0.49
0.65 0.38 0.48 0.44 0.59 0.71 0.48 0.47 0.80  0.45
0.73 0.44 0.47 0.44 0.60 0.69 0.41 0.45 0.78  0.46
0.65 0.43 0.49 0.41 0.56 0.71 0.49 0.48 0.74  0.47
0.68 0.39 0.50 0.31 0.54 0.68 0.50 0.49 0.82  0.43
0.66 0.38 0.51 0.26 0.59 0.78 0.53 0.51 0.78  0.36
0.60 0.44 0.58 0.23 0.55 0.77 0.53 0.53 0.83  0.33
0.64 0.41 0.59 0.21 0.58 0.76 0.55 0.54 0.80  0.34
0.65 0.46 0.54 0.18 0.58 0.77 0.52 0.51 0.78  0.36
0.55 0.47 0.60 0.16 0.66 0.78 0.58 0.52 0.84  0.31
0.57 0.46 0.53 0.20 0.61 0.74 0.56 0.49 0.78  0.30
0.52 0.40 0.59 0.18 0.62 0.76 0.46 0.48 0.74  0.26
0.48 0.37 0.65 0.14 0.62 0.79 0.52 0.50 0.75  0.26
0.48 0.39 0.66 0.12 0.58 0.70 0.48 0.48 0.76  0.26
0.43 0.39 0.64 0.13 0.54 0.67 0.49 0.46 0.83  0.24
0.45 0.44 0.67 0.14 0.39 0.63 0.42 0.47 0.87  0.25
0.47 0.44 0.65 0.11 0.38 0.62 0.42 0.45 0.87  0.29
0.45 0.39 0.60 0.10 0.38 0.61 0.45 0.48 0.88  0.27
0.42 0.40 0.65 0.06 0.34 0.53 0.41 0.52 0.92  0.25
0.41 0.37 0.58 0.06 0.34 0.52 0.40 0.55 0.93  0.28
0.37 0.40 0.64 0.05 0.32 0.53 0.37 0.56 0.98  0.28
0.30 0.43 0.66 0.06 0.35 0.48 0.38 0.53 1.00  0.30
0.32 0.50 0.68 0.05 0.37 0.48 0.40 0.53 1.00  0.33
0.37 0.48 0.78 0.06 0.32 0.43 0.36 0.55 1.00  0.31
0.40 0.47 0.81 0.09 0.36 0.53 0.31 0.56 1.00  0.28
0.44 0.42 0.82 0.08 0.42 0.45 0.27 0.58 1.00  0.31
0.51 0.42 0.83 0.05 0.44 0.51 0.24 0.56 1.00  0.35
0.57 0.44 0.84 0.04 0.42 0.46 0.19 0.53 1.00  0.35
0.69 0.59 0.88 0.00 0.39 0.41 0.16 0.51 1.00  0.31
0.57 0.56 0.88 0.00 0.43 0.40 0.17 0.48 1.00  0.30
0.58 0.56 0.87 0.00 0.41 0.44 0.14 0.46 1.00  0.31
0.56 0.66 0.85 0.00 0.48 0.41 0.12 0.45 1.00  0.29
0.53 0.71 0.85 0.00 0.51 0.31 0.14 0.43 1.00  0.27
0.57 0.74 0.84 0.00 0.50 0.33 0.18 0.47 1.00  0.28
0.59 0.75 0.89 0.00 0.54 0.31 0.27 0.48 1.00  0.32
0.60 0.76 0.81 0.00 0.60 0.30 0.30 0.45 1.00  0.29
0.61 0.80 0.85 0.00 0.56 0.29 0.27 0.44 1.00  0.28
0.61 0.76 0.84 0.00 0.66 0.40 0.23 0.43 1.00  0.28
0.59 0.80 0.85 0.00 0.72 0.31 0.26 0.42 1.00  0.24
