0.495 0.538 0.528 0.531 0.497 0.479 0.513 0.472 0.479 0.497 0.497 0.523
0.479 0.564 0.533 0.559 0.489 0.482 0.505 0.472 0.485 0.526 0.444 0.518
0.454 0.554 0.521 0.597 0.482 0.467 0.495 0.428 0.490 0.500 0.438 0.538
0.485 0.546 0.510 0.577 0.476 0.521 0.538 0.390 0.451 0.533 0.390 0.567
0.497 0.559 0.544 0.567 0.477 0.485 0.546 0.392 0.451 0.549 0.377 0.549
0.500 0.562 0.585 0.518 0.473 0.497 0.554 0.349 0.479 0.549 0.374 0.567
0.482 0.554 0.597 0.513 0.479 0.510 0.556 0.346 0.477 0.541 0.413 0.590
0.505 0.528 0.587 0.521 0.484 0.541 0.554 0.374 0.477 0.577 0.418 0.587
0.495 0.533 0.613 0.546 0.490 0.531 0.582 0.395 0.446 0.585 0.413 0.577
0.518 0.564 0.605 0.556 0.495 0.556 0.554 0.385 0.444 0.649 0.395 0.567
0.477 0.595 0.621 0.582 0.509 0.564 0.556 0.397 0.413 0.700 0.392 0.562
0.462 0.574 0.641 0.579 0.516 0.544 0.574 0.387 0.423 0.695 0.354 0.536
0.428 0.556 0.610 0.587 0.515 0.549 0.574 0.379 0.377 0.705 0.354 0.569
0.464 0.618 0.600 0.579 0.507 0.544 0.567 0.354 0.382 0.718 0.331 0.610
0.474 0.600 0.592 0.554 0.505 0.546 0.587 0.341 0.354 0.700 0.346 0.628
0.464 0.615 0.618 0.515 0.509 0.505 0.585 0.359 0.362 0.751 0.326 0.621
0.490 0.662 0.618 0.526 0.499 0.495 0.572 0.331 0.315 0.767 0.328 0.605
0.485 0.669 0.597 0.521 0.492 0.526 0.585 0.300 0.290 0.754 0.305 0.541
0.428 0.669 0.631 0.521 0.489 0.505 0.574 0.315 0.305 0.772 0.351 0.528
0.395 0.687 0.610 0.562 0.485 0.523 0.546 0.323 0.259 0.777 0.344 0.515
0.379 0.700 0.628 0.554 0.479 0.546 0.567 0.318 0.215 0.767 0.387 0.533
0.395 0.736 0.659 0.536 0.477 0.515 0.633 0.326 0.205 0.772 0.400 0.572
0.438 0.726 0.636 0.572 0.479 0.492 0.649 0.333 0.182 0.779 0.336 0.551
0.464 0.718 0.600 0.587 0.505 0.497 0.682 0.308 0.200 0.797 0.308 0.541
0.433 0.713 0.600 0.585 0.499 0.462 0.656 0.354 0.179 0.787 0.346 0.551
0.446 0.667 0.587 0.603 0.508 0.474 0.649 0.344 0.187 0.790 0.362 0.572
0.472 0.656 0.618 0.597 0.517 0.492 0.674 0.344 0.154 0.762 0.367 0.556
0.492 0.672 0.654 0.618 0.512 0.492 0.638 0.346 0.149 0.772 0.367 0.572
0.474 0.664 0.651 0.585 0.517 0.500 0.633 0.341 0.121 0.782 0.351 0.615
0.469 0.664 0.600 0.528 0.516 0.474 0.628 0.326 0.123 0.767 0.333 0.590
0.467 0.628 0.603 0.567 0.514 0.459 0.667 0.344 0.113 0.736 0.318 0.618
0.531 0.595 0.579 0.564 0.519 0.456 0.656 0.359 0.087 0.733 0.318 0.595
0.562 0.608 0.605 0.490 0.516 0.441 0.654 0.349 0.082 0.721 0.328 0.626
0.592 0.667 0.613 0.464 0.522 0.459 0.636 0.346 0.095 0.723 0.331 0.623
0.579 0.692 0.590 0.456 0.533 0.464 0.646 0.338 0.090 0.767 0.323 0.631
0.608 0.664 0.559 0.408 0.538 0.505 0.628 0.359 0.085 0.774 0.285 0.621
0.615 0.703 0.585 0.418 0.546 0.513 0.638 0.331 0.069 0.785 0.277 0.597
0.605 0.659 0.582 0.462 0.541 0.500 0.628 0.354 0.062 0.782 0.267 0.590
0.631 0.656 0.603 0.423 0.556 0.513 0.587 0.354 0.051 0.803 0.269 0.587
0.646 0.664 0.592 0.462 0.575 0.500 0.577 0.354 0.051 0.836 0.246 0.579
0.649 0.685 0.597 0.490 0.580 0.515 0.577 0.362 0.044 0.854 0.267 0.574
0.656 0.672 0.605 0.462 0.596 0.451 0.551 0.367 0.067 0.864 0.269 0.590
0.646 0.674 0.597 0.456 0.606 0.418 0.528 0.279 0.067 0.864 0.285 0.623
0.621 0.654 0.595 0.449 0.619 0.400 0.523 0.292 0.067 0.859 0.262 0.579
0.610 0.638 0.631 0.426 0.626 0.392 0.518 0.287 0.049 0.841 0.267 0.579
0.613 0.633 0.618 0.462 0.637 0.423 0.510 0.297 0.051 0.826 0.272 0.526
0.585 0.587 0.633 0.426 0.643 0.428 0.521 0.310 0.044 0.841 0.269 0.549
0.603 0.595 0.638 0.418 0.650 0.423 0.546 0.292 0.054 0.831 0.274 0.538
0.579 0.585 0.644 0.421 0.631 0.392 0.541 0.326 0.046 0.854 0.269 0.582
0.569 0.610 0.659 0.454 0.641 0.449 0.551 0.310 0.044 0.862 0.303 0.564
0.556 0.577 0.674 0.464 0.621 0.431 0.579 0.290 0.041 0.844 0.279 0.569
